LINE 0.500000 16 CLOSED
0.250000 1.000000
1.000000 0.250000
2.000000 0.250000
2.750000 1.000000
2.750000 2.000000
3.000000 2.250000
4.000000 2.250000
4.750000 3.000000
4.750000 4.000000
4.000000 4.750000
3.000000 4.750000
2.250000 4.000000
2.250000 3.000000
2.000000 2.750000
1.000000 2.750000
0.250000 2.000000
LINE 1.500000 8 CLOSED
0.750000 1.000000
1.000000 0.750000
2.000000 0.750000
2.250000 1.000000
2.250000 2.000000
2.000000 2.250000
1.000000 2.250000
0.750000 2.000000
LINE 1.500000 8 CLOSED
2.750000 3.000000
3.000000 2.750000
4.000000 2.750000
4.250000 3.000000
4.250000 4.000000
4.000000 4.250000
3.000000 4.250000
2.750000 4.000000
